1 36
1 61
36 3
36 17
36 62
3 62
3 94
94 31
94 2
31 48
31 70
31 24
31 46
31 78
48 70
24 78
2 43
46 88
88 53
88 49
88 37
53 33
19 26
19 43
43 26
17 60
26 90
60 90
60 4
60 16
90 25
49 85
33 85
85 15
25 50
15 9
15 5
15 54
50 4
9 44
9 69
37 8
44 74
16 28
5 8
74 18
74 45
8 52
69 87
18 29
28 35
28 27
35 27
35 83
35 12
35 59
35 40
27 83
29 13
87 100
52 97
45 71
45 64
45 99
45 41
71 66
97 39
54 59
47 93
47 11
47 81
47 14
93 98
66 64
66 21
39 98
100 79
100 6
100 22
79 22
64 76
64 80
64 99
13 21
21 75
11 14
11 34
6 73
14 92
81 55
81 92
34 40
73 84
40 12
76 41
84 58
84 55
84 77
75 30
41 91
58 77
58 7
30 96
77 65
80 51
80 95
51 42
91 72
7 10
7 65
7 61
95 42
72 82
82 42
96 32
10 61
42 38
42 68
42 89
38 56
68 86
61 67
61 32
56 23
32 67
86 23
86 20
63 20
63 57
89 57
