0.0 0.9203166652777923
-0.5178571428571419 1.3048372468889964
-1.2321428571428554 1.34868875979907
-0.7142857142857135 1.3072831325198897
-0.44642857142857084 1.2885887284105335
-0.7321428571428558 0.0
-0.3749999999999999 1.6343980183681261
-0.642857142857142 1.4177021443465392
-0.6428571428571419 1.5742742432938643
-0.6428571428571421 0.9135500598230188
-0.4999999999999994 1.4034902478092433
-2.107142857142854 1.8911497089403757
-0.42857142857142805 1.3581358422029775
-0.8035714285714274 1.9389975985962336
-0.5178571428571421 1.3249020133387326
-0.7499999999999989 1.719422645180337
-0.8928571428571415 1.709771741506473
-0.8214285714285697 1.4541733087060453
-0.714285714285713 1.4089131845175846
-0.6607142857142846 1.9926982713103618
-0.9464285714285696 1.5827265096638963
-1.160714285714284 1.7586226307065194
-0.6964285714285706 0.8489593676839059
-0.6249999999999994 1.58267972558519
0.0 0.8931645645695634
-1.357142857142855 1.2697632629451725
0.0 0.7124334704854935
-0.2678571428571427 1.2385079298556925
-0.2678571428571427 1.2725119315362663
-1.7857142857142836 1.493521870224824
0.0 0.8492919832882081
0.0 0.8134054752537984
0.0 0.807328354994072
-1.803571428571426 1.6485064622874177
-0.9999999999999984 2.0548884993759633
-0.21428571428571422 1.112185823982623
-0.642857142857142 1.685377504473753
-0.5535714285714275 1.5699289648648613
-0.6249999999999991 1.40584092691223
0.0 0.8063647767947822
-1.7857142857142834 1.6221546573382422
-0.4642857142857137 1.560023904786511
-0.6249999999999988 1.337575646974764
-0.37499999999999933 1.5610277894932598
-0.6249999999999991 1.113017043021967
-0.7499999999999989 1.6655805736529192
-0.9107142857142841 1.7129461653574631
-0.05357142857142841 0.8788523155828631
-0.05357142857142841 0.7970975342372123
-1.6071428571428552 1.2481385877730846
-0.6249999999999994 1.6060892496357781
0.0 0.9430321222526413
0.0 0.8979654002994268
-0.2142857142857138 0.8511737092506692
-0.3749999999999999 1.4897986902881484
-0.6249999999999994 1.4311449776964795
-1.0535714285714275 1.5642960115235076
-1.0714285714285694 0.8320413935329561
-0.767857142857142 1.2720925635719533
-0.2678571428571427 1.2230844563903083
0.0 0.8258117525289184
-0.7857142857142846 1.585670493172405
-0.42857142857142866 1.1644628789383897
-0.6964285714285705 1.9268376091855763
-0.7142857142857132 1.8180799871970286
-2.51785714285714 0.9141192979551733
-1.3214285714285696 1.0152289071193292
-0.7142857142857133 2.010951010101732
-0.7321428571428562 1.6780767679520867
-1.0178571428571417 1.4795687978082934
-0.35714285714285654 0.5986724793622266
-0.6428571428571417 0.8042629921226196
-1.285714285714284 0.5994993333848229
-0.9642857142857131 1.0891442615646167
-0.6428571428571417 0.8511094495333531
-0.42857142857142777 0.7215585599822414
-0.33928571428571364 1.4206762630161345
-1.0714285714285694 0.6861959055389975
-0.660714285714285 1.4513807446602773
0.0 0.8041281211639102
